

term 1
really: 0 0 0 0 0 0.5 0.5 0.5 
mat_ozhidanie: 0 0 0 0 0 0.0416667 0.0416667 0.0416667 
mat_ozhidanie+otkl: 0 0 0 0 0 0.324264 0.324264 0.324264 
mat_ozhidanie-otkl: 0 0 0 0 0 -0.24093 -0.24093 -0.24093 

term 2
really: 0 0 0.5 0 0 0.5 0.5 0.5 
mat_ozhidanie: 0 0 0.0833333 0 0 0.0416667 0.0416667 0.0416667 
mat_ozhidanie+otkl: 0 0 0.648527 0 0 0.324264 0.324264 0.324264 
mat_ozhidanie-otkl: 0 0 -0.481861 0 0 -0.24093 -0.24093 -0.24093 

term 3
really: 1.5 1 1 0 0 1 1.5 1 
mat_ozhidanie: 0.125 0.125 0.125 0 0 0.0833333 0.125 0.0833333 
mat_ozhidanie+otkl: 0.972791 0.972791 0.972791 0 0 0.648527 0.972791 0.648527 
mat_ozhidanie-otkl: -0.722791 -0.722791 -0.722791 0 0 -0.481861 -0.722791 -0.481861 

term 4
really: 0.5 0.5 0.5 0 0 0.5 0.5 0 
mat_ozhidanie: 0.0833333 0.0833333 0.0833333 0 0 0.0416667 0.0416667 0 
mat_ozhidanie+otkl: 0.648527 0.648527 0.648527 0 0 0.324264 0.324264 0 
mat_ozhidanie-otkl: -0.481861 -0.481861 -0.481861 0 0 -0.24093 -0.24093 0 

term 5
really: 1 1 1 0 0 1 0.5 1 
mat_ozhidanie: 0.125 0.125 0.125 0 0 0.0833333 0.0416667 0.0833333 
mat_ozhidanie+otkl: 0.972791 0.972791 0.972791 0 0 0.648527 0.324264 0.648527 
mat_ozhidanie-otkl: -0.722791 -0.722791 -0.722791 0 0 -0.481861 -0.24093 -0.481861 

term 6
really: 1 1.5 1.5 0 0 1 1.5 1.5 
mat_ozhidanie: 0.166667 0.166667 0.208333 0 0 0.0833333 0.166667 0.166667 
mat_ozhidanie+otkl: 1.29705 1.29705 1.62132 0 0 0.648527 1.29705 1.29705 
mat_ozhidanie-otkl: -0.963722 -0.963722 -1.20465 0 0 -0.481861 -0.963722 -0.963722 

term 7
really: 0.5 0.5 0 0 0 0.5 0.5 0 
mat_ozhidanie: 0.0833333 0.0833333 0 0 0 0.0416667 0.0416667 0 
mat_ozhidanie+otkl: 0.648527 0.648527 0 0 0 0.324264 0.324264 0 
mat_ozhidanie-otkl: -0.481861 -0.481861 0 0 0 -0.24093 -0.24093 0 

term 8
really: 0.5 0 0.5 0 0 0.5 0 0.5 
mat_ozhidanie: 0.0833333 0 0.0833333 0 0 0.0416667 0 0.0416667 
mat_ozhidanie+otkl: 0.648527 0 0.648527 0 0 0.324264 0 0.324264 
mat_ozhidanie-otkl: -0.481861 0 -0.481861 0 0 -0.24093 0 -0.24093 

term 9
really: 0.5 1 1 0 0 0.5 0.5 0.5 
mat_ozhidanie: 0.0416667 0.125 0.125 0 0 0.0416667 0.0416667 0.0416667 
mat_ozhidanie+otkl: 0.324264 0.972791 0.972791 0 0 0.324264 0.324264 0.324264 
mat_ozhidanie-otkl: -0.24093 -0.722791 -0.722791 0 0 -0.24093 -0.24093 -0.24093 

term 10
really: 0.5 0.5 0 0 0 0 0.5 0.5 
mat_ozhidanie: 0.0833333 0.0833333 0 0 0 0 0.0416667 0.0416667 
mat_ozhidanie+otkl: 0.648527 0.648527 0 0 0 0 0.324264 0.324264 
mat_ozhidanie-otkl: -0.481861 -0.481861 0 0 0 0 -0.24093 -0.24093 

term 11
really: 0.5 1 0.5 0 0 1 0.5 0.5 
mat_ozhidanie: 0.0416667 0.125 0.0416667 0 0 0.0833333 0.0416667 0.0416667 
mat_ozhidanie+otkl: 0.324264 0.972791 0.324264 0 0 0.648527 0.324264 0.324264 
mat_ozhidanie-otkl: -0.24093 -0.722791 -0.24093 0 0 -0.481861 -0.24093 -0.24093 

term 12
really: 0.5 0 0.5 0 0 0.5 0 0.5 
mat_ozhidanie: 0.0833333 0 0.0833333 0 0 0.0416667 0 0.0416667 
mat_ozhidanie+otkl: 0.648527 0 0.648527 0 0 0.324264 0 0.324264 
mat_ozhidanie-otkl: -0.481861 0 -0.481861 0 0 -0.24093 0 -0.24093 

term 13
really: 0.5 1 0.5 0 0 0 1 0.5 
mat_ozhidanie: 0.0416667 0.125 0.0833333 0 0 0 0.0833333 0.0416667 
mat_ozhidanie+otkl: 0.324264 0.972791 0.648527 0 0 0 0.648527 0.324264 
mat_ozhidanie-otkl: -0.24093 -0.722791 -0.481861 0 0 0 -0.481861 -0.24093 

term 14
really: 0.5 0.5 0 0 0 0.5 0.5 0 
mat_ozhidanie: 0.0833333 0.0833333 0 0 0 0.0416667 0.0416667 0 
mat_ozhidanie+otkl: 0.648527 0.648527 0 0 0 0.324264 0.324264 0 
mat_ozhidanie-otkl: -0.481861 -0.481861 0 0 0 -0.24093 -0.24093 0 

term 15
really: 0.5 0 0.5 0 0 0.5 0 0.5 
mat_ozhidanie: 0.0833333 0 0.0833333 0 0 0.0416667 0 0.0833333 
mat_ozhidanie+otkl: 0.648527 0 0.648527 0 0 0.324264 0 0.648527 
mat_ozhidanie-otkl: -0.481861 0 -0.481861 0 0 -0.24093 0 -0.481861 

term 16
really: 0 0.5 0.5 0 0 0 0.5 0 
mat_ozhidanie: 0 0.0833333 0.0833333 0 0 0 0.0833333 0 
mat_ozhidanie+otkl: 0 0.648527 0.648527 0 0 0 0.648527 0 
mat_ozhidanie-otkl: 0 -0.481861 -0.481861 0 0 0 -0.481861 0 

term 17
really: 1 0 0.5 0 0 1.5 1.5 0.5 
mat_ozhidanie: 0.0833333 0 0.0416667 0 0 0.125 0.125 0.0416667 
mat_ozhidanie+otkl: 0.648527 0 0.324264 0 0 0.972791 0.972791 0.324264 
mat_ozhidanie-otkl: -0.481861 0 -0.24093 0 0 -0.722791 -0.722791 -0.24093 

term 18
really: 0 1 1.5 0 0 1 0.5 1.5 
mat_ozhidanie: 0 0.125 0.166667 0 0 0.0833333 0.0416667 0.125 
mat_ozhidanie+otkl: 0 0.972791 1.29705 0 0 0.648527 0.324264 0.972791 
mat_ozhidanie-otkl: 0 -0.722791 -0.963722 0 0 -0.481861 -0.24093 -0.722791 

term 19
really: 0 0.5 0.5 0 0 0 0.5 0.5 
mat_ozhidanie: 0 0.0833333 0.0833333 0 0 0 0.0416667 0.0416667 
mat_ozhidanie+otkl: 0 0.648527 0.648527 0 0 0 0.324264 0.324264 
mat_ozhidanie-otkl: 0 -0.481861 -0.481861 0 0 0 -0.24093 -0.24093 

term 20
really: 0.5 0.5 0 0 0 0.5 0.5 0.5 
mat_ozhidanie: 0.0833333 0.0833333 0 0 0 0.0416667 0.0833333 0.0416667 
mat_ozhidanie+otkl: 0.648527 0.648527 0 0 0 0.324264 0.648527 0.324264 
mat_ozhidanie-otkl: -0.481861 -0.481861 0 0 0 -0.24093 -0.481861 -0.24093 

term 21
really: 0.5 0 0.5 0 0 0.5 0.5 0.5 
mat_ozhidanie: 0.0833333 0 0.0833333 0 0 0.0833333 0.0416667 0.0833333 
mat_ozhidanie+otkl: 0.648527 0 0.648527 0 0 0.648527 0.324264 0.648527 
mat_ozhidanie-otkl: -0.481861 0 -0.481861 0 0 -0.481861 -0.24093 -0.481861 

term 22
really: 0.5 0.5 0.5 0 0 0.5 0.5 0.5 
mat_ozhidanie: 0.0833333 0.0833333 0.0833333 0 0 0.0833333 0.0833333 0.0416667 
mat_ozhidanie+otkl: 0.648527 0.648527 0.648527 0 0 0.648527 0.648527 0.324264 
mat_ozhidanie-otkl: -0.481861 -0.481861 -0.481861 0 0 -0.481861 -0.481861 -0.24093 

term 23
really: 0.5 0.5 0.5 0 0 0.5 0.5 0.5 
mat_ozhidanie: 0.0833333 0.0833333 0.0833333 0 0 0.0416667 0.0416667 0.0833333 
mat_ozhidanie+otkl: 0.648527 0.648527 0.648527 0 0 0.324264 0.324264 0.648527 
mat_ozhidanie-otkl: -0.481861 -0.481861 -0.481861 0 0 -0.24093 -0.24093 -0.481861 

term 24
really: 0.5 0.5 0.5 0 0 0.5 0.5 0.5 
mat_ozhidanie: 0.0833333 0.0833333 0.0833333 0 0 0.0416667 0.0833333 0.0416667 
mat_ozhidanie+otkl: 0.648527 0.648527 0.648527 0 0 0.324264 0.648527 0.324264 
mat_ozhidanie-otkl: -0.481861 -0.481861 -0.481861 0 0 -0.24093 -0.481861 -0.24093 

term 25
really: 1 1 0.5 0 0 1 1 0.5 
mat_ozhidanie: 0.125 0.166667 0.0833333 0 0 0.125 0.125 0.0416667 
mat_ozhidanie+otkl: 0.972791 1.29705 0.648527 0 0 0.972791 0.972791 0.324264 
mat_ozhidanie-otkl: -0.722791 -0.963722 -0.481861 0 0 -0.722791 -0.722791 -0.24093 

term 26
really: 1.5 0.5 1 0 0 1 1 1 
mat_ozhidanie: 0.166667 0.0833333 0.125 0 0 0.0833333 0.0833333 0.0833333 
mat_ozhidanie+otkl: 1.29705 0.648527 0.972791 0 0 0.648527 0.648527 0.648527 
mat_ozhidanie-otkl: -0.963722 -0.481861 -0.722791 0 0 -0.481861 -0.481861 -0.481861 

term 27
really: 0.5 0.5 0 0 0 0.5 0.5 0.5 
mat_ozhidanie: 0.0833333 0.0833333 0 0 0 0.0416667 0.0416667 0.0416667 
mat_ozhidanie+otkl: 0.648527 0.648527 0 0 0 0.324264 0.324264 0.324264 
mat_ozhidanie-otkl: -0.481861 -0.481861 0 0 0 -0.24093 -0.24093 -0.24093 

term 28
really: 1 0 1 0 0 1 1 0.5 
mat_ozhidanie: 0.125 0 0.125 0 0 0.0833333 0.0833333 0.0416667 
mat_ozhidanie+otkl: 0.972791 0 0.972791 0 0 0.648527 0.648527 0.324264 
mat_ozhidanie-otkl: -0.722791 0 -0.722791 0 0 -0.481861 -0.481861 -0.24093 

term 29
really: 0 0.5 0.5 0 0 0.5 0.5 0.5 
mat_ozhidanie: 0 0.0833333 0.0833333 0 0 0.0416667 0.0416667 0.0416667 
mat_ozhidanie+otkl: 0 0.648527 0.648527 0 0 0.324264 0.324264 0.324264 
mat_ozhidanie-otkl: 0 -0.481861 -0.481861 0 0 -0.24093 -0.24093 -0.24093 

term 30
really: 0.5 0.5 0.5 0 0 0.5 0.5 0.5 
mat_ozhidanie: 0.0833333 0.0833333 0.0833333 0 0 0.0416667 0.0416667 0.0416667 
mat_ozhidanie+otkl: 0.648527 0.648527 0.648527 0 0 0.324264 0.324264 0.324264 
mat_ozhidanie-otkl: -0.481861 -0.481861 -0.481861 0 0 -0.24093 -0.24093 -0.24093 

term 31
really: 1.5 1 1.5 0 0 1.5 1.5 1 
mat_ozhidanie: 0.166667 0.125 0.166667 0 0 0.125 0.125 0.0833333 
mat_ozhidanie+otkl: 1.29705 0.972791 1.29705 0 0 0.972791 0.972791 0.648527 
mat_ozhidanie-otkl: -0.963722 -0.722791 -0.963722 0 0 -0.722791 -0.722791 -0.481861 

term 32
really: 0.5 0.5 0.5 0 0 0.5 0 0 
mat_ozhidanie: 0.0833333 0.0833333 0.0833333 0 0 0.0416667 0 0 
mat_ozhidanie+otkl: 0.648527 0.648527 0.648527 0 0 0.324264 0 0 
mat_ozhidanie-otkl: -0.481861 -0.481861 -0.481861 0 0 -0.24093 0 0 

term 33
really: 0.5 0.5 0.5 0 0 0 0 0.5 
mat_ozhidanie: 0.0833333 0.0833333 0.0833333 0 0 0 0 0.0833333 
mat_ozhidanie+otkl: 0.648527 0.648527 0.648527 0 0 0 0 0.648527 
mat_ozhidanie-otkl: -0.481861 -0.481861 -0.481861 0 0 0 0 -0.481861 

term 34
really: 0 0 0.5 0 0 0.5 0 0.5 
mat_ozhidanie: 0 0 0.0833333 0 0 0.0416667 0 0.0416667 
mat_ozhidanie+otkl: 0 0 0.648527 0 0 0.324264 0 0.324264 
mat_ozhidanie-otkl: 0 0 -0.481861 0 0 -0.24093 0 -0.24093 

term 35
really: 0 0.5 0.5 0 0 0 0.5 0.5 
mat_ozhidanie: 0 0.0833333 0.0833333 0 0 0 0.0416667 0.0416667 
mat_ozhidanie+otkl: 0 0.648527 0.648527 0 0 0 0.324264 0.324264 
mat_ozhidanie-otkl: 0 -0.481861 -0.481861 0 0 0 -0.24093 -0.24093 

term 36
really: 0.5 0.5 0 0 0 0.5 0 0.5 
mat_ozhidanie: 0.0833333 0.0833333 0 0 0 0.0416667 0 0.0416667 
mat_ozhidanie+otkl: 0.648527 0.648527 0 0 0 0.324264 0 0.324264 
mat_ozhidanie-otkl: -0.481861 -0.481861 0 0 0 -0.24093 0 -0.24093 

term 37
really: 0.5 0 0.5 0 0 0 0.5 0.5 
mat_ozhidanie: 0.0833333 0 0.0833333 0 0 0 0.0416667 0.0416667 
mat_ozhidanie+otkl: 0.648527 0 0.648527 0 0 0 0.324264 0.324264 
mat_ozhidanie-otkl: -0.481861 0 -0.481861 0 0 0 -0.24093 -0.24093 

term 38
really: 0.5 0.5 0 0 0 0.5 0 0 
mat_ozhidanie: 0.0833333 0.0833333 0 0 0 0.0416667 0 0 
mat_ozhidanie+otkl: 0.648527 0.648527 0 0 0 0.324264 0 0 
mat_ozhidanie-otkl: -0.481861 -0.481861 0 0 0 -0.24093 0 0 

term 39
really: 0.5 0 0.5 0 0 0 0 0.5 
mat_ozhidanie: 0.0833333 0 0.0833333 0 0 0 0 0.0833333 
mat_ozhidanie+otkl: 0.648527 0 0.648527 0 0 0 0 0.648527 
mat_ozhidanie-otkl: -0.481861 0 -0.481861 0 0 0 0 -0.481861 

term 40
really: 0.5 0.5 1 0 0 1 0.5 0.5 
mat_ozhidanie: 0.0416667 0.0833333 0.125 0 0 0.0833333 0.0416667 0.0416667 
mat_ozhidanie+otkl: 0.324264 0.648527 0.972791 0 0 0.648527 0.324264 0.324264 
mat_ozhidanie-otkl: -0.24093 -0.481861 -0.722791 0 0 -0.481861 -0.24093 -0.24093 

term 41
really: 0 0.5 0.5 0 0 0 0.5 0.5 
mat_ozhidanie: 0 0.0833333 0.0833333 0 0 0 0.0416667 0.0833333 
mat_ozhidanie+otkl: 0 0.648527 0.648527 0 0 0 0.324264 0.648527 
mat_ozhidanie-otkl: 0 -0.481861 -0.481861 0 0 0 -0.24093 -0.481861 

term 42
really: 0.5 0.5 0 0 0 0.5 0.5 0.5 
mat_ozhidanie: 0.0833333 0.0833333 0 0 0 0.0833333 0.0416667 0.0416667 
mat_ozhidanie+otkl: 0.648527 0.648527 0 0 0 0.648527 0.324264 0.324264 
mat_ozhidanie-otkl: -0.481861 -0.481861 0 0 0 -0.481861 -0.24093 -0.24093 

term 43
really: 0 0.5 0.5 0 0 0.5 0.5 0.5 
mat_ozhidanie: 0 0.0833333 0.0833333 0 0 0.0416667 0.0416667 0.0416667 
mat_ozhidanie+otkl: 0 0.648527 0.648527 0 0 0.324264 0.324264 0.324264 
mat_ozhidanie-otkl: 0 -0.481861 -0.481861 0 0 -0.24093 -0.24093 -0.24093 

term 44
really: 0.5 0.5 0.5 0 0 0.5 0.5 0.5 
mat_ozhidanie: 0.0833333 0.0833333 0.0833333 0 0 0.0416667 0.0416667 0.0416667 
mat_ozhidanie+otkl: 0.648527 0.648527 0.648527 0 0 0.324264 0.324264 0.324264 
mat_ozhidanie-otkl: -0.481861 -0.481861 -0.481861 0 0 -0.24093 -0.24093 -0.24093 

term 45
really: 0.5 0.5 0.5 0 0 0.5 0.5 0.5 
mat_ozhidanie: 0.0833333 0.0833333 0.0833333 0 0 0.0416667 0.0416667 0.0833333 
mat_ozhidanie+otkl: 0.648527 0.648527 0.648527 0 0 0.324264 0.324264 0.648527 
mat_ozhidanie-otkl: -0.481861 -0.481861 -0.481861 0 0 -0.24093 -0.24093 -0.481861 

term 46
really: 0.5 0.5 0.5 0 0 0.5 0.5 0.5 
mat_ozhidanie: 0.0833333 0.0833333 0.0833333 0 0 0.0416667 0.0833333 0.0416667 
mat_ozhidanie+otkl: 0.648527 0.648527 0.648527 0 0 0.324264 0.648527 0.324264 
mat_ozhidanie-otkl: -0.481861 -0.481861 -0.481861 0 0 -0.24093 -0.481861 -0.24093 

term 47
really: 0.5 0.5 0.5 0 0 0.5 0.5 0.5 
mat_ozhidanie: 0.0833333 0.0833333 0.0833333 0 0 0.0833333 0.0416667 0.0416667 
mat_ozhidanie+otkl: 0.648527 0.648527 0.648527 0 0 0.648527 0.324264 0.324264 
mat_ozhidanie-otkl: -0.481861 -0.481861 -0.481861 0 0 -0.481861 -0.24093 -0.24093 

term 48
really: 0.5 0.5 0.5 0 0 0.5 0.5 0 
mat_ozhidanie: 0.0833333 0.0833333 0.0833333 0 0 0.0416667 0.0416667 0 
mat_ozhidanie+otkl: 0.648527 0.648527 0.648527 0 0 0.324264 0.324264 0 
mat_ozhidanie-otkl: -0.481861 -0.481861 -0.481861 0 0 -0.24093 -0.24093 0 

term 49
really: 0.5 0.5 0.5 0 0 0.5 0 0.5 
mat_ozhidanie: 0.0833333 0.0833333 0.0833333 0 0 0.0416667 0 0.0416667 
mat_ozhidanie+otkl: 0.648527 0.648527 0.648527 0 0 0.324264 0 0.324264 
mat_ozhidanie-otkl: -0.481861 -0.481861 -0.481861 0 0 -0.24093 0 -0.24093 

term 50
really: 0.5 0.5 0.5 0 0 0 0.5 0.5 
mat_ozhidanie: 0.0833333 0.0833333 0.0833333 0 0 0 0.0416667 0.0833333 
mat_ozhidanie+otkl: 0.648527 0.648527 0.648527 0 0 0 0.324264 0.648527 
mat_ozhidanie-otkl: -0.481861 -0.481861 -0.481861 0 0 0 -0.24093 -0.481861 

term 51
really: 0.5 0.5 0 0 0 0.5 0.5 0.5 
mat_ozhidanie: 0.0833333 0.0833333 0 0 0 0.0833333 0.0416667 0.0416667 
mat_ozhidanie+otkl: 0.648527 0.648527 0 0 0 0.648527 0.324264 0.324264 
mat_ozhidanie-otkl: -0.481861 -0.481861 0 0 0 -0.481861 -0.24093 -0.24093 

term 52
really: 0 0.5 0.5 0 0 0.5 0 0 
mat_ozhidanie: 0 0.0833333 0.0833333 0 0 0.0416667 0 0 
mat_ozhidanie+otkl: 0 0.648527 0.648527 0 0 0.324264 0 0 
mat_ozhidanie-otkl: 0 -0.481861 -0.481861 0 0 -0.24093 0 0 

term 53
really: 0.5 0.5 0.5 0 0 0 0 0.5 
mat_ozhidanie: 0.0833333 0.0833333 0.0833333 0 0 0 0 0.0833333 
mat_ozhidanie+otkl: 0.648527 0.648527 0.648527 0 0 0 0 0.648527 
mat_ozhidanie-otkl: -0.481861 -0.481861 -0.481861 0 0 0 0 -0.481861 

term 54
really: 1 1 1.5 0 0 1.5 0.5 1 
mat_ozhidanie: 0.166667 0.0833333 0.25 0 0 0.166667 0.0416667 0.0833333 
mat_ozhidanie+otkl: 1.29705 0.648527 1.94558 0 0 1.29705 0.324264 0.648527 
mat_ozhidanie-otkl: -0.963722 -0.481861 -1.44558 0 0 -0.963722 -0.24093 -0.481861 

term 55
really: 0.5 0 0 0 0 0.5 0 0.5 
mat_ozhidanie: 0.0833333 0 0 0 0 0.0416667 0 0.0416667 
mat_ozhidanie+otkl: 0.648527 0 0 0 0 0.324264 0 0.324264 
mat_ozhidanie-otkl: -0.481861 0 0 0 0 -0.24093 0 -0.24093 

term 56
really: 0 0 0.5 0 0 0 0.5 0.5 
mat_ozhidanie: 0 0 0.0833333 0 0 0 0.0416667 0.0833333 
mat_ozhidanie+otkl: 0 0 0.648527 0 0 0 0.324264 0.648527 
mat_ozhidanie-otkl: 0 0 -0.481861 0 0 0 -0.24093 -0.481861 

term 57
really: 0.5 0.5 0 0 0 0.5 0.5 0 
mat_ozhidanie: 0.0833333 0.0833333 0 0 0 0.0833333 0.0416667 0 
mat_ozhidanie+otkl: 0.648527 0.648527 0 0 0 0.648527 0.324264 0 
mat_ozhidanie-otkl: -0.481861 -0.481861 0 0 0 -0.481861 -0.24093 0 

term 58
really: 0 0.5 0.5 0 0 0 0.5 0.5 
mat_ozhidanie: 0 0.0833333 0.0833333 0 0 0 0.0416667 0.0833333 
mat_ozhidanie+otkl: 0 0.648527 0.648527 0 0 0 0.324264 0.648527 
mat_ozhidanie-otkl: 0 -0.481861 -0.481861 0 0 0 -0.24093 -0.481861 

term 59
really: 0.5 0.5 0 0 0 0.5 0.5 0.5 
mat_ozhidanie: 0.0833333 0.0833333 0 0 0 0.0833333 0.0416667 0.0833333 
mat_ozhidanie+otkl: 0.648527 0.648527 0 0 0 0.648527 0.324264 0.648527 
mat_ozhidanie-otkl: -0.481861 -0.481861 0 0 0 -0.481861 -0.24093 -0.481861 

term 60
really: 0.5 1 0.5 0 0 1 1 1 
mat_ozhidanie: 0.0416667 0.125 0.0833333 0 0 0.125 0.125 0.125 
mat_ozhidanie+otkl: 0.324264 0.972791 0.648527 0 0 0.972791 0.972791 0.972791 
mat_ozhidanie-otkl: -0.24093 -0.722791 -0.481861 0 0 -0.722791 -0.722791 -0.722791 

term 61
really: 0.5 0.5 0.5 0 0 0 0.5 0.5 
mat_ozhidanie: 0.0833333 0.0833333 0.0833333 0 0 0 0.0416667 0.0833333 
mat_ozhidanie+otkl: 0.648527 0.648527 0.648527 0 0 0 0.324264 0.648527 
mat_ozhidanie-otkl: -0.481861 -0.481861 -0.481861 0 0 0 -0.24093 -0.481861 

term 62
really: 0.5 0.5 0 0 0 0.5 0 0.5 
mat_ozhidanie: 0.0833333 0.0833333 0 0 0 0.0833333 0 0.0833333 
mat_ozhidanie+otkl: 0.648527 0.648527 0 0 0 0.648527 0 0.648527 
mat_ozhidanie-otkl: -0.481861 -0.481861 0 0 0 -0.481861 0 -0.481861 

term 63
really: 0.5 0 0.5 0 0 0.5 0.5 0.5 
mat_ozhidanie: 0.0833333 0 0.0833333 0 0 0.0833333 0.0833333 0.0416667 
mat_ozhidanie+otkl: 0.648527 0 0.648527 0 0 0.648527 0.648527 0.324264 
mat_ozhidanie-otkl: -0.481861 0 -0.481861 0 0 -0.481861 -0.481861 -0.24093 

term 64
really: 0.5 0.5 0.5 0 0 0.5 0.5 0 
mat_ozhidanie: 0.0833333 0.0833333 0.0833333 0 0 0.0416667 0.0416667 0 
mat_ozhidanie+otkl: 0.648527 0.648527 0.648527 0 0 0.324264 0.324264 0 
mat_ozhidanie-otkl: -0.481861 -0.481861 -0.481861 0 0 -0.24093 -0.24093 0 

term 65
really: 0.5 0.5 0.5 0 0 0.5 0 0 
mat_ozhidanie: 0.0833333 0.0833333 0.0833333 0 0 0.0416667 0 0 
mat_ozhidanie+otkl: 0.648527 0.648527 0.648527 0 0 0.324264 0 0 
mat_ozhidanie-otkl: -0.481861 -0.481861 -0.481861 0 0 -0.24093 0 0 

term 66
really: 0.5 0.5 0.5 0 0 0 0 0 
mat_ozhidanie: 0.0833333 0.0833333 0.0833333 0 0 0 0 0 
mat_ozhidanie+otkl: 0.648527 0.648527 0.648527 0 0 0 0 0 
mat_ozhidanie-otkl: -0.481861 -0.481861 -0.481861 0 0 0 0 0 

term 67
really: 0 0 0 0 0 0 0 0 
mat_ozhidanie: 0 0 0 0 0 0 0 0 
mat_ozhidanie+otkl: 0 0 0 0 0 0 0 0 
mat_ozhidanie-otkl: 0 0 0 0 0 0 0 0 

term 68
really: 0 0 0 0 0 0.5 0.5 0.5 
mat_ozhidanie: 0 0 0 0 0 0.0416667 0.0416667 0.0416667 
mat_ozhidanie+otkl: 0 0 0 0 0 0.324264 0.324264 0.324264 
mat_ozhidanie-otkl: 0 0 0 0 0 -0.24093 -0.24093 -0.24093 

term 69
really: 0 0 0.5 0 0 0.5 0.5 0.5 
mat_ozhidanie: 0 0 0.0833333 0 0 0.0416667 0.0416667 0.0416667 
mat_ozhidanie+otkl: 0 0 0.648527 0 0 0.324264 0.324264 0.324264 
mat_ozhidanie-otkl: 0 0 -0.481861 0 0 -0.24093 -0.24093 -0.24093 

term 70
really: 0 0.5 0.5 0 0 0.5 0.5 0.5 
mat_ozhidanie: 0 0.0833333 0.0833333 0 0 0.0416667 0.0416667 0.0416667 
mat_ozhidanie+otkl: 0 0.648527 0.648527 0 0 0.324264 0.324264 0.324264 
mat_ozhidanie-otkl: 0 -0.481861 -0.481861 0 0 -0.24093 -0.24093 -0.24093 

term 71
really: 0.5 0.5 0.5 0 0 0.5 0.5 0 
mat_ozhidanie: 0.0833333 0.0833333 0.0833333 0 0 0.0416667 0.0416667 0 
mat_ozhidanie+otkl: 0.648527 0.648527 0.648527 0 0 0.324264 0.324264 0 
mat_ozhidanie-otkl: -0.481861 -0.481861 -0.481861 0 0 -0.24093 -0.24093 0 

term 72
really: 0.5 0.5 0.5 0 0 0.5 0 0.5 
mat_ozhidanie: 0.0833333 0.0833333 0.0833333 0 0 0.0416667 0 0.0416667 
mat_ozhidanie+otkl: 0.648527 0.648527 0.648527 0 0 0.324264 0 0.324264 
mat_ozhidanie-otkl: -0.481861 -0.481861 -0.481861 0 0 -0.24093 0 -0.24093 

term 73
really: 0.5 0.5 0.5 0 0 0 0.5 0.5 
mat_ozhidanie: 0.0833333 0.0833333 0.0833333 0 0 0 0.0416667 0.0416667 
mat_ozhidanie+otkl: 0.648527 0.648527 0.648527 0 0 0 0.324264 0.324264 
mat_ozhidanie-otkl: -0.481861 -0.481861 -0.481861 0 0 0 -0.24093 -0.24093 

term 74
really: 0.5 0.5 0 0 0 0.5 0.5 0 
mat_ozhidanie: 0.0833333 0.0833333 0 0 0 0.0416667 0.0416667 0 
mat_ozhidanie+otkl: 0.648527 0.648527 0 0 0 0.324264 0.324264 0 
mat_ozhidanie-otkl: -0.481861 -0.481861 0 0 0 -0.24093 -0.24093 0 

term 75
really: 0.5 0 0.5 0 0 0.5 0 0.5 
mat_ozhidanie: 0.0833333 0 0.0833333 0 0 0.0416667 0 0.0833333 
mat_ozhidanie+otkl: 0.648527 0 0.648527 0 0 0.324264 0 0.648527 
mat_ozhidanie-otkl: -0.481861 0 -0.481861 0 0 -0.24093 0 -0.481861 

term 76
really: 0 0.5 0.5 0 0 0 0.5 0.5 
mat_ozhidanie: 0 0.0833333 0.0833333 0 0 0 0.0833333 0.0416667 
mat_ozhidanie+otkl: 0 0.648527 0.648527 0 0 0 0.648527 0.324264 
mat_ozhidanie-otkl: 0 -0.481861 -0.481861 0 0 0 -0.481861 -0.24093 

term 77
really: 0.5 0 0.5 0 0 0.5 0.5 0.5 
mat_ozhidanie: 0.0833333 0 0.0833333 0 0 0.0416667 0.0833333 0.0416667 
mat_ozhidanie+otkl: 0.648527 0 0.648527 0 0 0.324264 0.648527 0.324264 
mat_ozhidanie-otkl: -0.481861 0 -0.481861 0 0 -0.24093 -0.481861 -0.24093 

term 78
really: 0 0.5 0.5 0 0 0.5 0.5 0 
mat_ozhidanie: 0 0.0833333 0.0833333 0 0 0.0833333 0.0416667 0 
mat_ozhidanie+otkl: 0 0.648527 0.648527 0 0 0.648527 0.324264 0 
mat_ozhidanie-otkl: 0 -0.481861 -0.481861 0 0 -0.481861 -0.24093 0 

term 79
really: 0.5 0.5 0.5 0 0 0 0.5 0.5 
mat_ozhidanie: 0.0833333 0.0833333 0.0833333 0 0 0 0.0416667 0.0416667 
mat_ozhidanie+otkl: 0.648527 0.648527 0.648527 0 0 0 0.324264 0.324264 
mat_ozhidanie-otkl: -0.481861 -0.481861 -0.481861 0 0 0 -0.24093 -0.24093 

term 80
really: 0.5 0.5 0 0 0 0.5 0.5 0.5 
mat_ozhidanie: 0.0833333 0.0833333 0 0 0 0.0416667 0.0416667 0.0416667 
mat_ozhidanie+otkl: 0.648527 0.648527 0 0 0 0.324264 0.324264 0.324264 
mat_ozhidanie-otkl: -0.481861 -0.481861 0 0 0 -0.24093 -0.24093 -0.24093 

term 81
really: 0.5 0 0.5 0 0 0.5 0.5 0 
mat_ozhidanie: 0.0833333 0 0.0833333 0 0 0.0416667 0.0416667 0 
mat_ozhidanie+otkl: 0.648527 0 0.648527 0 0 0.324264 0.324264 0 
mat_ozhidanie-otkl: -0.481861 0 -0.481861 0 0 -0.24093 -0.24093 0 

term 82
really: 0 0.5 0.5 0 0 0.5 0 0.5 
mat_ozhidanie: 0 0.0833333 0.0833333 0 0 0.0416667 0 0.0416667 
mat_ozhidanie+otkl: 0 0.648527 0.648527 0 0 0.324264 0 0.324264 
mat_ozhidanie-otkl: 0 -0.481861 -0.481861 0 0 -0.24093 0 -0.24093 

term 83
really: 0.5 0.5 0.5 0 0 0 0.5 0.5 
mat_ozhidanie: 0.0833333 0.0833333 0.0833333 0 0 0 0.0416667 0.0416667 
mat_ozhidanie+otkl: 0.648527 0.648527 0.648527 0 0 0 0.324264 0.324264 
mat_ozhidanie-otkl: -0.481861 -0.481861 -0.481861 0 0 0 -0.24093 -0.24093 

term 84
really: 0.5 0.5 0 0 0 0.5 0 0.5 
mat_ozhidanie: 0.0833333 0.0833333 0 0 0 0.0416667 0 0.0416667 
mat_ozhidanie+otkl: 0.648527 0.648527 0 0 0 0.324264 0 0.324264 
mat_ozhidanie-otkl: -0.481861 -0.481861 0 0 0 -0.24093 0 -0.24093 

term 85
really: 0.5 0 0.5 0 0 0 0.5 0.5 
mat_ozhidanie: 0.0833333 0 0.0833333 0 0 0 0.0416667 0.0416667 
mat_ozhidanie+otkl: 0.648527 0 0.648527 0 0 0 0.324264 0.324264 
mat_ozhidanie-otkl: -0.481861 0 -0.481861 0 0 0 -0.24093 -0.24093 

term 86
really: 0.5 0.5 0 0 0 0.5 0 0.5 
mat_ozhidanie: 0.0833333 0.0833333 0 0 0 0.0416667 0 0.0833333 
mat_ozhidanie+otkl: 0.648527 0.648527 0 0 0 0.324264 0 0.648527 
mat_ozhidanie-otkl: -0.481861 -0.481861 0 0 0 -0.24093 0 -0.481861 

term 87
really: 0.5 0 0.5 0 0 0 0.5 0 
mat_ozhidanie: 0.0833333 0 0.0833333 0 0 0 0.0833333 0 
mat_ozhidanie+otkl: 0.648527 0 0.648527 0 0 0 0.648527 0 
mat_ozhidanie-otkl: -0.481861 0 -0.481861 0 0 0 -0.481861 0 

term 88
really: 0 0.5 0 0 0 0 0 0 
mat_ozhidanie: 0 0.0833333 0 0 0 0 0 0 
mat_ozhidanie+otkl: 0 0.648527 0 0 0 0 0 0 
mat_ozhidanie-otkl: 0 -0.481861 0 0 0 0 0 0 